1 1
1 1
1 1
2 1
3 1
1 2
3 2
1 2
3 3
3 3
4 3
1 3
1 3
5 4
4 4
1 4
6 5
1 5
1 6
7 6
4 7
7 7
1 8
1 8
4 8
3 8
3 8
4 8
1 9
1 9
1 9
1 9
1 9
1 9
3 9
1 9
7 9
4 9
1 10
1 10
1 10
1 10
1 10
1 10
3 11
3 11
3 11
1 11
3 11
3 11
2 11
2 11
4 11
1 13
1 13
4 13
8 13
1 13
4 13
1 13
1 14
3 14
3 14
8 14
1 14
1 15
2 15
3 15
1 15
1 15
7 16
3 17
4 17
1 17
7 17
1 17
1 17
1 17
3 17
1 17
3 17
3 17
3 18
3 18
1 18
1 18
1 18
3 18
3 18
1 18
3 18
1 18
1 18
1 18
1 18
7 18
1 19
1 20
3 20
1 20
3 20
3 20
1 20
3 20
3 20
1 20
1 20
1 20
4 20
1 20
1 20
3 20
3 20
3 20
1 21
7 21
1 21
1 21
3 21
1 21
1 21
3 21
1 21
1 21
1 21
1 21
1 21
1 21
1 21
1 21
1 21
3 21
3 21
3 22
1 22
1 22
3 22
1 23
1 23
1 23
4 23
8 23
4 24
1 24
1 24
1 24
3 24
3 24
1 25
1 25
1 25
1 25
1 25
1 25
1 25
1 25
3 25
3 26
1 26
1 26
1 26
1 26
9 26
3 26
4 26
1 26
1 26
1 26
3 26
1 26
1 26
1 26
4 26
3 26
1 26
3 26
1 26
1 27
3 27
1 27
1 27
1 27
1 28
1 28
3 28
4 28
1 28
8 28
7 28
1 28
4 29
3 29
3 29
1 29
1 29
1 29
3 29
3 29
4 29
1 29
1 29
1 29
1 29
1 29
1 29
3 29
1 29
1 30
1 30
1 31
1 31
7 31
1 31
3 33
3 33
2 33
3 33
1 34
3 34
1 35
1 35
1 35
1 35
3 35
1 35
1 35
4 36
3 36
1 37
3 37
1 37
4 37
1 37
4 38
3 38
8 39
1 39
4 39
1 39
1 39
1 39
1 39
2 39
1 39
1 39
1 39
1 39
3 39
3 39
4 39
1 39
3 39
1 39
1 39
6 40
1 40
1 40
1 40
1 40
1 40
1 40
3 40
1 40
1 40
1 40
3 40
1 40
3 40
3 40
3 40
1 40
1 40
1 40
4 40
3 41
3 41
1 41
1 41
1 41
3 41
3 41
1 41
1 41
1 41
1 41
3 41
1 41
1 41
3 41
3 41
2 41
1 41
3 41
1 41
4 41
3 41
3 41
4 42
8 43
3 43
7 43
1 43
6 44
3 44
7 44
3 44
1 44
1 44
1 44
1 44
1 44
1 44
3 44
1 44
3 44
7 44
1 44
3 44
2 44
3 44
4 44
1 44
1 44
2 45
2 45
3 46
2 46
1 46
2 46
3 46
1 46
8 46
1 46
3 46
7 46
4 46
1 46
4 46
1 47
1 47
4 48
3 48
4 48
3 48
3 48
1 50
1 50
3 50
1 50
4 51
1 52
1 52
4 53
4 53
4 54
4 54
1 54
1 55
1 55
3 55
2 55
1 55
1 55
4 55
1 55
1 55
3 55
1 55
1 56
1 56
1 56
1 56
1 56
3 56
3 56
1 56
4 57
4 57
3 57
3 57
1 57
4 57
3 57
1 57
1 57
3 57
3 57
1 57
1 57
2 58
1 58
2 58
1 59
1 59
1 59
1 59
3 59
1 59
3 59
3 59
3 60
1 60
1 60
3 60
1 60
4 61
3 61
3 61
1 62
3 62
3 62
1 62
7 62
1 62
3 62
4 62
3 62
3 62
3 62
1 63
3 63
1 63
3 63
1 63
1 63
4 63
4 63
3 63
3 64
1 64
1 64
1 64
3 64
3 64
1 64
1 64
4 64
1 64
1 64
1 64
1 65
1 65
1 65
3 65
1 65
4 65
1 65
1 65
1 65
1 65
3 65
3 65
3 65
3 65
1 65
1 65
1 65
1 65
1 65
7 65
3 65
1 65
3 65
1 65
1 65
3 65
3 66
3 66
4 66
1 66
2 66
1 66
3 67
9 67
4 67
3 67
3 68
1 68
1 69
1 69
1 69
1 69
1 69
1 69
1 69
4 69
1 70
1 70
3 70
7 70
3 70
1 70
1 70
7 70
3 70
1 70
1 70
4 70
3 71
8 71
1 71
4 71
1 71
1 71
7 72
1 72
3 72
1 72
1 72
3 72
3 72
3 72
2 73
1 73
1 73
4 73
1 74
3 74
3 74
4 74
8 74
3 74
3 75
1 75
8 75
1 76
1 76
1 76
4 76
1 76
1 76
7 76
3 76
1 76
1 76
1 76
1 76
1 77
1 77
1 77
1 77
1 77
1 77
1 78
3 79
4 79
1 79
7 80
1 80
6 80
4 80
3 81
8 81
3 81
1 81
7 81
2 82
3 82
3 82
1 82
6 82
2 82
1 83
1 84
4 84
1 84
1 84
1 84
2 85
1 85
4 85
3 85
4 86
3 86
1 86
3 86
3 86
7 86
1 86
1 86
3 87
4 87
1 88
1 88
1 88
3 88
3 88
3 88
4 88
4 88
6 88
1 88
1 88
1 88
1 88
1 88
4 88
1 88
1 88
1 88
1 88
3 89
2 89
3 89
3 89
1 89
1 89
3 89
3 89
2 89
3 89
1 89
3 91
1 91
1 91
3 91
3 91
1 91
1 91
1 91
3 91
3 91
3 91
3 91
3 91
3 92
1 92
1 92
3 92
3 92
1 92
1 92
3 92
3 92
4 92
1 92
1 92
3 92
3 92
1 92
1 92
1 92
1 92
3 92
1 92
1 92
1 92
1 92
3 92
3 92
4 92
1 92
1 92
8 92
3 92
1 92
3 92
1 92
1 92
3 92
3 92
6 92
1 92
1 93
3 93
3 93
1 93
3 93
1 93
4 94
1 94
1 94
4 95
1 95
1 95
7 95
8 95
1 95
3 95
1 95
1 95
2 95
3 95
1 95
4 95
4 95
6 95
4 95
2 95
1 95
1 95
4 96
3 96
1 96
1 97
1 97
1 97
3 97
1 97
3 97
4 97
3 97
1 98
4 98
3 99
6 99
3 99
3 99
3 99
1 99
1 99
1 99
1 99
3 99
3 99
1 99
1 99
3 99
1 99
1 99
1 100
7 100
3 100
9 101
1 101
1 101
1 102
3 102
8 102
1 102
3 102
1 102
3 102
1 102
1 103
7 103
1 103
7 103
1 103
3 103
1 104
3 104
1 104
1 104
1 104
3 104
3 104
3 104
1 104
1 104
3 105
1 106
1 106
1 106
3 106
4 106
1 106
1 107
3 107
3 107
1 107
3 107
3 107
1 107
1 107
1 107
3 107
1 107
1 107
3 107
1 108
3 108
3 108
3 108
1 108
1 108
1 109
4 109
4 109
3 109
3 110
1 110
3 111
1 111
3 111
1 111
1 112
1 112
1 112
3 112
4 112
7 112
3 112
1 113
1 113
1 113
4 113
3 113
9 113
1 113
3 113
3 113
4 113
3 113
3 114
1 114
1 114
1 114
1 114
1 114
1 114
1 114
3 114
3 114
3 114
3 114
3 114
7 114
3 114
8 115
7 115
4 115
3 115
1 116
3 116
3 116
1 116
3 116
1 116
4 116
8 116
1 116
3 116
7 116
1 117
1 117
1 117
3 117
1 117
1 117
4 117
4 118
3 118
4 118
3 118
3 118
1 119
3 119
3 119
3 119
1 120
1 120
1 120
1 120
4 120
3 121
8 121
1 121
1 121
3 121
1 121
1 121
1 121
4 122
3 122
4 123
1 123
1 123
1 124
1 124
1 125
1 125
1 125
1 125
4 125
7 125
1 126
3 126
4 126
1 126
3 126
1 126
1 126
1 126
3 126
1 126
10 126
3 126
1 126
1 126
1 127
1 127
1 127
4 127
1 127
1 127
4 127
3 127
1 127
1 127
1 127
1 127
1 127
1 127
1 128
1 129
1 130
10 130
1 130
7 130
3 132
4 132
2 132
1 132
1 133
4 133
7 133
1 133
1 133
1 133
1 133
9 134
3 134
9 134
1 134
1 134
3 135
1 135
1 135
4 135
1 136
1 136
1 136
4 137
4 137
4 138
1 138
3 138
3 138
3 138
1 138
3 138
1 138
1 138
4 138
1 138
1 138
3 138
1 138
1 138
1 138
1 139
3 139
3 139
3 139
3 139
1 139
1 139
1 139
1 139
1 139
1 140
1 141
3 141
3 141
4 141
7 141
1 141
3 142
3 142
1 142
3 142
1 142
3 142
1 142
3 142
3 142
3 142
3 142
3 142
3 142
1 142
1 142
1 142
1 142
1 142
1 142
1 142
3 142
3 142
3 142
3 143
1 143
4 143
1 143
3 144
1 144
4 144
3 146
3 146
1 146
1 146
3 146
4 146
1 146
3 146
3 146
3 146
1 146
1 146
1 146
3 146
1 146
1 146
1 146
4 146
1 147
1 147
1 147
1 147
3 147
1 147
3 147
1 147
1 147
3 147
3 147
3 147
4 147
1 147
3 147
1 148
1 148
1 148
4 148
1 148
1 148
1 149
1 149
1 149
3 149
1 149
1 149
7 149
3 149
1 149
1 149
3 149
1 150
3 150
3 150
3 150
1 150
1 150
1 150
1 150
8 150
3 150
1 150
4 150
1 152
3 152
1 152
4 152
8 152
1 152
10 152
3 152
1 152
3 152
3 152
3 153
1 153
3 153
3 153
1 154
1 155
3 155
4 155
6 156
5 156
1 156
3 157
2 157
3 157
1 157
1 157
3 157
1 157
3 157
1 157
3 157
1 157
1 157
1 157
1 157
3 157
1 157
3 157
1 157
3 157
3 157
3 157
1 157
1 157
1 157
1 157
1 157
3 157
1 157
3 157
1 157
3 157
1 157
1 157
1 157
3 157
1 157
3 157
3 158
3 158
1 158
1 158
1 158
3 158
3 158
3 158
1 158
1 158
4 158
1 159
1 159
3 159
1 159
1 159
3 159
3 159
4 159
4 159
3 159
1 159
1 160
7 160
1 160
3 160
6 160
4 160
1 160
3 160
1 160
1 160
6 160
3 160
1 160
3 160
1 160
3 160
1 160
1 160
1 160
1 160
1 160
1 160
3 160
1 160
1 160
4 160
1 161
3 161
1 161
1 161
1 161
3 161
1 161
1 161
1 161
1 162
1 162
1 163
1 163
1 163
1 163
4 163
3 163
1 163
1 163
3 163
3 163
3 163
1 164
1 164
2 164
3 164
1 166
3 166
1 166
1 166
4 166
1 166
1 167
1 167
3 167
1 167
1 167
1 167
4 167
4 167
1 167
1 167
1 167
3 167
1 167
1 167
1 168
1 168
1 168
1 168
1 168
1 168
4 168
1 168
3 168
3 168
3 168
3 168
1 169
1 170
1 170
7 170
1 170
1 170
3 170
1 171
3 171
1 171
1 171
4 171
1 171
1 171
3 171
1 171
3 171
3 171
